,날짜,스크린수,스크린점유율,상영횟수,상영점유율,좌석수,좌석점유율,좌석판매율,매출액,매출액증감(전일대비),관객수,관객수증감(전일대비),누적매출액,누적관객수,순위
0,2019-05-23,1008,0.174,4265,0.235,770298,0.272,0.094,616644460,603957160,72736,71342,640791760,75054,2
1,2019-05-24,1061,0.175,4420,0.237,799264,0.276,0.138,1016129643,399485183,109949,37213,1656921403,185003,2
2,2019-05-25,1261,0.193,5311,0.271,937947,0.31,0.352,2965798107,1949668464,330019,220070,4622719510,515022,1
3,2019-05-26,1311,0.199,5390,0.28,946258,0.318,0.379,3181109250,215311143,358995,28976,7803828760,874017,1
4,2019-05-27,1090,0.191,4663,0.263,844480,0.304,0.13,931032930,-2250076320,109658,-249337,8734861690,983675,1
5,2019-05-28,1121,0.19,4677,0.265,838216,0.304,0.129,913023310,-18009620,108339,-1319,9647885000,1092014,1
6,2019-05-29,1146,0.198,4460,0.248,750607,0.269,0.328,1458929880,545906570,245992,137653,11106814880,1338006,1
7,2019-05-30,754,0.133,2493,0.14,340979,0.123,0.22,614078440,-844851440,74962,-171030,11720893320,1412968,2
8,2019-05-31,791,0.141,2724,0.149,366962,0.131,0.336,1084122725,470044285,123266,48304,12805016045,1536234,2
9,2019-06-01,965,0.166,3451,0.182,463615,0.16,0.66,2610680127,1526557402,306026,182760,15415696172,1842260,2
10,2019-06-02,994,0.171,3499,0.189,471681,0.166,0.652,2601771060,-8909067,307739,1713,18017467232,2149999,2
11,2019-06-03,796,0.152,3038,0.174,425515,0.157,0.192,671525860,-1930245200,81613,-226126,18688993092,2231612,2
12,2019-06-04,818,0.152,3063,0.176,426623,0.158,0.199,693901620,22375760,84798,3185,19382894712,2316410,2
13,2019-06-05,937,0.164,2770,0.153,373155,0.132,0.303,903254870,209353250,113165,28367,20286149582,2429575,3
14,2019-06-06,1120,0.19,3738,0.192,493898,0.164,0.756,3146433260,2243178390,373559,260394,23432582842,2803134,2
15,2019-06-07,1151,0.194,4132,0.214,558074,0.187,0.511,2428722874,-717710386,284945,-88614,25861305716,3088079,2
16,2019-06-08,1356,0.227,5241,0.267,746940,0.245,0.556,3618669583,1189946709,415310,130365,29479975299,3503389,2
17,2019-06-09,1371,0.232,5263,0.276,760334,0.257,0.521,3456183040,-162486543,396151,-19159,32936158339,3899540,2
18,2019-06-10,1068,0.209,4366,0.251,667237,0.247,0.164,926042240,-2530140800,109402,-286749,33862200579,4008942,2
19,2019-06-11,1092,0.212,4422,0.255,672007,0.249,0.155,876638740,-49403500,104428,-4974,34738839319,4113370,2
20,2019-06-12,973,0.195,3849,0.215,572800,0.205,0.179,841904820,-34733920,102436,-1992,35580744139,4215806,3
21,2019-06-13,947,0.175,3701,0.208,561141,0.202,0.185,858827730,16922910,103618,1182,36439571869,4319424,2
22,2019-06-14,1075,0.192,4286,0.234,653230,0.229,0.253,1499530210,640702480,165074,61456,37939102079,4484498,2
23,2019-06-15,1384,0.228,5635,0.296,903647,0.308,0.474,3807068740,2307538530,427943,262869,41746170819,4912441,1
24,2019-06-16,1409,0.234,5737,0.306,926631,0.32,0.446,3671179210,-135889530,413326,-14617,45417350029,5325767,1
25,2019-06-17,1168,0.222,4908,0.282,810066,0.299,0.162,1106625600,-2564553610,131239,-282087,46523975629,5457006,1
26,2019-06-18,1198,0.22,4968,0.287,818721,0.304,0.162,1110765950,4140350,132540,1301,47634741579,5589546,1
27,2019-06-19,1028,0.202,4438,0.249,749000,0.271,0.183,1154005190,43239240,136697,4157,48788746769,5726243,1
28,2019-06-20,875,0.154,3204,0.17,515106,0.174,0.237,1012960770,-141044420,122023,-14674,49801707539,5848266,2
29,2019-06-21,977,0.169,3626,0.189,576526,0.192,0.3,1584330080,571369310,172890,50867,51386037619,6021156,1
30,2019-06-22,1174,0.183,4515,0.225,717196,0.229,0.56,3562347560,1978017480,401926,229036,54948385179,6423082,2
31,2019-06-23,1226,0.189,4577,0.233,725312,0.236,0.519,3304901600,-257445960,376622,-25304,58253286779,6799704,2
32,2019-06-24,1036,0.19,4203,0.228,692287,0.24,0.185,1067394260,-2237507340,127993,-248629,59320681039,6927697,1
33,2019-06-25,1043,0.186,4251,0.231,699462,0.243,0.172,998337580,-69056680,120315,-7678,60319018619,7048012,1
34,2019-06-26,939,0.146,3385,0.182,612040,0.212,0.328,1256012600,257675020,200782,80467,61575031219,7248794,1
35,2019-06-27,890,0.147,3477,0.187,636476,0.22,0.179,942441960,-313570640,113611,-87171,62517473179,7362405,1
36,2019-06-28,970,0.158,3827,0.202,692038,0.236,0.219,1394146730,451704770,151505,37894,63911619909,7513910,1
37,2019-06-29,1172,0.174,4702,0.237,841725,0.275,0.473,3538266480,2144119750,398128,246623,67449886389,7912038,1
38,2019-06-30,1199,0.178,4677,0.24,836842,0.279,0.43,3156555950,-381710530,359759,-38369,70606442339,8271797,1
39,2019-07-01,1030,0.155,3961,0.212,707440,0.243,0.158,926508510,-2230047440,111674,-248085,71532950849,8383471,1
40,2019-07-02,651,0.111,2263,0.121,307973,0.107,0.235,589054240,-337454270,72410,-39264,72122005089,8455881,2
41,2019-07-03,691,0.125,2450,0.132,331155,0.116,0.241,644215680,55161440,79742,7332,72766220769,8535623,2
42,2019-07-04,694,0.122,2421,0.131,329128,0.115,0.253,671530540,27314860,83127,3385,73437751309,8618750,2
43,2019-07-05,715,0.124,2522,0.133,341169,0.117,0.364,1102744830,431214290,124142,41015,74540496139,8742892,2
44,2019-07-06,806,0.137,2855,0.144,373424,0.123,0.662,2126663380,1023918550,247200,123058,76667159519,8990092,2
45,2019-07-07,841,0.142,2863,0.148,375312,0.126,0.62,1988303700,-138359680,232574,-14626,78655463219,9222666,2
46,2019-07-08,728,0.132,2686,0.148,366663,0.13,0.213,638264220,-1350039480,77948,-154626,79293727439,9300614,2
47,2019-07-09,770,0.136,2741,0.151,373074,0.133,0.229,691627230,53363010,85548,7600,79985354669,9386162,2
48,2019-07-10,706,0.133,2659,0.144,370814,0.13,0.211,638052280,-53574950,78149,-7399,80623406949,9464311,2
49,2019-07-11,713,0.121,2541,0.137,358853,0.125,0.205,602756510,-35295770,73409,-4740,81226163459,9537720,2
50,2019-07-12,797,0.13,2827,0.149,402056,0.138,0.251,914877680,312121170,101039,27630,82141041139,9638759,2
51,2019-07-13,940,0.145,3386,0.168,482332,0.157,0.546,2309701480,1394823800,263381,162342,84450742619,9902140,2
52,2019-07-14,976,0.151,3425,0.174,486396,0.162,0.533,2253897860,-55803620,259174,-4207,86704640479,10161314,2
53,2019-07-15,822,0.144,3029,0.169,434884,0.157,0.185,664191310,-1589706550,80404,-178770,87368831789,10241718,2
54,2019-07-16,858,0.145,3100,0.172,449374,0.162,0.187,686843870,22652560,84162,3758,88055675659,10325880,2
55,2019-07-17,647,0.113,2022,0.105,264245,0.089,0.213,457442320,-229401550,56320,-27842,88513117979,10382200,3
56,2019-07-18,694,0.117,2123,0.111,279420,0.094,0.225,511764020,54321700,62990,6670,89024881999,10445190,3
57,2019-07-19,771,0.13,2433,0.124,317919,0.104,0.302,853545060,341781040,95855,32865,89878427059,10541045,3
58,2019-07-20,901,0.139,2863,0.14,386176,0.122,0.531,1809362310,955817250,205119,109264,91687789369,10746164,2
59,2019-07-21,958,0.148,2932,0.147,397692,0.129,0.496,1719835790,-89526520,197336,-7783,93407625159,10943500,2
60,2019-07-22,876,0.153,3142,0.169,439342,0.152,0.171,605887810,-1113947980,75168,-122168,94013512969,11018668,2
61,2019-07-23,890,0.151,3153,0.168,441669,0.152,0.168,596043770,-9844040,74317,-851,94609556739,11092985,2
62,2019-07-24,700,0.123,2268,0.115,313088,0.102,0.206,519767420,-76276350,64372,-9945,95129324159,11157357,3
63,2019-07-25,770,0.122,2342,0.118,328002,0.107,0.21,555553490,35786070,69033,4661,95684877649,11226390,3
64,2019-07-26,871,0.135,2744,0.137,388737,0.124,0.225,782390760,226837270,87409,18376,96467268409,11313799,3
65,2019-07-27,1015,0.148,3302,0.159,477824,0.148,0.375,1605272070,822881310,179395,91986,98072540479,11493194,3
66,2019-07-28,1015,0.148,3305,0.162,479739,0.152,0.352,1500090800,-105181270,168803,-10592,99572631279,11661997,2
67,2019-07-29,917,0.145,3209,0.164,471148,0.155,0.205,769099170,-730991630,96583,-72220,100341730449,11758580,2
68,2019-07-30,936,0.144,3231,0.165,480443,0.158,0.201,765400290,-3698880,96688,105,101107130739,11855268,2
69,2019-07-31,565,0.086,1246,0.059,154803,0.047,0.522,547699780,-217700510,80791,-15897,101654830519,11936059,5
70,2019-08-01,608,0.094,1327,0.062,166672,0.05,0.39,514394820,-33304960,64925,-15866,102169225339,12000984,5
71,2019-08-02,653,0.097,1487,0.068,189505,0.056,0.358,602406870,88012050,67775,2850,102771632209,12068759,5
72,2019-08-03,691,0.101,1603,0.072,203142,0.058,0.427,778554510,176147640,86720,18945,103550186719,12155479,5
73,2019-08-04,702,0.102,1603,0.073,203107,0.059,0.372,677170930,-101383580,75575,-11145,104227357649,12231054,5
74,2019-08-05,666,0.105,1630,0.077,212257,0.064,0.197,335081560,-342089370,41821,-33754,104562439209,12272875,4
75,2019-08-06,679,0.105,1608,0.077,209421,0.064,0.188,314044490,-21037070,39339,-2482,104876483699,12312214,5
76,2019-08-07,330,0.048,744,0.036,91735,0.028,0.244,178562690,-135481800,22409,-16930,105055046389,12334623,7
77,2019-08-08,330,0.047,700,0.034,88305,0.027,0.229,160218240,-18344450,20257,-2152,105215264629,12354880,7
78,2019-08-09,331,0.046,715,0.034,89583,0.027,0.238,194204520,33986280,21338,1081,105409469149,12376218,6
79,2019-08-10,341,0.047,706,0.033,87816,0.026,0.389,310934120,116729600,34174,12836,105720403269,12410392,7
80,2019-08-11,341,0.047,700,0.033,87111,0.027,0.343,270465820,-40468300,29890,-4284,105990869089,12440282,7
81,2019-08-12,340,0.051,726,0.036,91268,0.029,0.158,116123710,-154342110,14445,-15445,106106992799,12454727,5
82,2019-08-13,342,0.049,726,0.036,90873,0.029,0.182,132032820,15909110,16543,2098,106239025619,12471270,4
83,2019-08-14,140,0.022,196,0.01,23040,0.007,0.214,39114030,-92918790,4929,-11614,106278139649,12476199,10
84,2019-08-15,112,0.016,136,0.006,16169,0.005,0.55,76849310,37735280,8889,3960,106354988959,12485088,12
85,2019-08-16,109,0.016,138,0.007,16225,0.005,0.249,35621690,-41227620,4041,-4848,106390610649,12489129,10
86,2019-08-17,114,0.016,148,0.007,17885,0.006,0.357,57562670,21940980,6381,2340,106448173319,12495510,10
87,2019-08-18,113,0.016,154,0.008,18738,0.006,0.316,52996300,-4566370,5918,-463,106501169619,12501428,9
88,2019-08-19,115,0.018,162,0.009,20509,0.007,0.14,23798620,-29197680,2880,-3038,106524968239,12504308,9
89,2019-08-20,114,0.018,160,0.008,20251,0.007,0.147,23674180,-124440,2979,99,106548642419,12507287,9
90,2019-08-21,71,0.012,93,0.005,12057,0.004,0.152,14641440,-9032740,1838,-1141,106563283859,12509125,10
91,2019-08-22,58,0.01,72,0.004,9615,0.003,0.14,10493360,-4148080,1342,-496,106573777219,12510467,17
92,2019-08-23,60,0.01,82,0.004,11349,0.004,0.129,13245710,2752350,1467,125,106587022929,12511934,14
93,2019-08-24,68,0.01,91,0.004,11861,0.004,0.271,28832930,15587220,3211,1744,106615855859,12515145,14
94,2019-08-25,63,0.01,90,0.004,12042,0.004,0.243,25735050,-3097880,2928,-283,106641590909,12518073,13
