,날짜,스크린수,스크린점유율,상영횟수,상영점유율,좌석수,좌석점유율,좌석판매율,매출액,매출액증감(전일대비),관객수,관객수증감(전일대비),누적매출액,누적관객수,순위
0,2015-04-21,6,0.001,9,0.001,2447,0.001,0.998,24541000,24541000 ( 100.0% ),2442,2442 ( 100.0% ),24541000,2442,9
1,2015-04-22,4,0.001,4,0.0,1059,0.0,1.0,13874000,-10667000 ( -43.5% ),1059,-1383 ( -56.6% ),38415000,3501,14
2,2015-04-23,1731,0.435,8844,0.654,1625956,0.731,0.383,5238813700,5224939700 ( 37659.9% ),622165,621106 ( 58650.2% ),5277228700,625666,1
3,2015-04-24,1767,0.446,9206,0.66,1684239,0.737,0.386,5802155700,563342000 ( 10.8% ),649804,27639 ( 4.4% ),11079384400,1275470,1
4,2015-04-25,1843,0.445,10018,0.682,1813385,0.758,0.637,10122916800,4320761100 ( 74.5% ),1155761,505957 ( 77.9% ),21202301200,2431231,1
5,2015-04-26,1826,0.451,9761,0.683,1766268,0.758,0.574,8833555200,-1289361600 ( -12.7% ),1013207,-142554 ( -12.3% ),30035856400,3444438,1
6,2015-04-27,1695,0.448,8765,0.662,1614836,0.741,0.183,2518290100,-6315265100 ( -71.5% ),295125,-718082 ( -70.9% ),32554146500,3739563,1
7,2015-04-28,1706,0.439,8681,0.654,1598393,0.732,0.162,2185295200,-332994900 ( -13.2% ),258186,-36939 ( -12.5% ),34739441700,3997749,1
8,2015-04-29,1623,0.409,8133,0.596,1508255,0.674,0.213,2370546700,185251500 ( 8.5% ),321740,63554 ( 24.6% ),37109988400,4319489,1
9,2015-04-30,1587,0.406,8200,0.583,1521281,0.661,0.227,2807285400,436738700 ( 18.4% ),344644,22904 ( 7.1% ),39917273800,4664133,1
10,2015-05-01,1634,0.378,8739,0.578,1612221,0.66,0.479,6532486900,3725201500 ( 132.7% ),772772,428128 ( 124.2% ),46449760700,5436905,1
11,2015-05-02,1627,0.362,8743,0.569,1618412,0.652,0.511,7075170700,542683800 ( 8.3% ),826765,53993 ( 7.0% ),53524931400,6263670,1
12,2015-05-03,1613,0.359,8579,0.567,1586728,0.649,0.471,6410312100,-664858600 ( -9.4% ),747935,-78830 ( -9.5% ),59935243500,7011605,1
13,2015-05-04,1602,0.361,8486,0.561,1574162,0.644,0.387,4849160900,-1561151200 ( -24.4% ),608983,-138952 ( -18.6% ),64784404400,7620588,1
14,2015-05-05,1600,0.336,8067,0.535,1495853,0.613,0.476,5973960400,1124799500 ( 23.2% ),712523,103540 ( 17.0% ),70758364800,8333111,1
15,2015-05-06,1526,0.377,7296,0.543,1366488,0.622,0.098,1086960300,-4887000100 ( -81.8% ),133587,-578936 ( -81.3% ),71845325100,8466698,1
16,2015-05-07,1307,0.311,6146,0.442,1193360,0.527,0.089,873807700,-213152600 ( -19.6% ),106327,-27260 ( -20.4% ),72719132800,8573025,1
17,2015-05-08,1295,0.303,6309,0.44,1226977,0.526,0.119,1251814069,378006369 ( 43.3% ),146621,40294 ( 37.9% ),73970946869,8719646,1
18,2015-05-09,1283,0.269,6532,0.423,1271970,0.509,0.271,2977488084,1725674015 ( 137.9% ),344605,197984 ( 135.0% ),76948434953,9064251,1
19,2015-05-10,1282,0.271,6287,0.418,1224825,0.504,0.256,2677368500,-300119584 ( -10.1% ),313171,-31434 ( -9.1% ),79625803453,9377422,1
20,2015-05-11,1170,0.298,5419,0.406,1069208,0.489,0.07,623680500,-2053688000 ( -76.7% ),74553,-238618 ( -76.2% ),80249483953,9451975,1
21,2015-05-12,1183,0.286,5394,0.401,1062605,0.483,0.069,612629800,-11050700 ( -1.8% ),73593,-960 ( -1.3% ),80862113753,9525568,1
22,2015-05-13,1175,0.29,5296,0.396,1046991,0.478,0.067,581838400,-30791400 ( -5.0% ),70348,-3245 ( -4.4% ),81443952153,9595916,1
23,2015-05-14,603,0.151,2420,0.167,415141,0.172,0.107,336367500,-245470900 ( -42.2% ),44369,-25979 ( -36.9% ),81780319653,9640285,3
24,2015-05-15,631,0.154,2577,0.17,438731,0.175,0.175,615462895,279095395 ( 83.0% ),76976,32607 ( 73.5% ),82395782548,9717261,3
25,2015-05-16,669,0.15,2712,0.169,455170,0.173,0.364,1335422309,719959414 ( 117.0% ),165492,88516 ( 115.0% ),83731204857,9882753,3
26,2015-05-17,643,0.146,2614,0.168,436534,0.171,0.327,1149709200,-185713109 ( -13.9% ),142770,-22722 ( -13.7% ),84880914057,10025523,3
27,2015-05-18,556,0.145,2297,0.161,385943,0.162,0.088,261354000,-888355200 ( -77.3% ),33900,-108870 ( -76.3% ),85142268057,10059423,3
28,2015-05-19,565,0.147,2277,0.16,381477,0.16,0.078,228612500,-32741500 ( -12.5% ),29921,-3979 ( -11.7% ),85370880557,10089344,3
29,2015-05-20,564,0.145,2256,0.158,382298,0.161,0.077,224834100,-3778400 ( -1.7% ),29516,-405 ( -1.4% ),85595714657,10118860,3
30,2015-05-21,388,0.101,1179,0.082,162195,0.068,0.118,147523300,-77310800 ( -34.4% ),19112,-10404 ( -35.2% ),85743237957,10137972,5
31,2015-05-22,406,0.104,1221,0.083,164586,0.067,0.162,215316160,67792860 ( 46.0% ),26631,7519 ( 39.3% ),85958554117,10164603,5
32,2015-05-23,421,0.103,1272,0.08,168879,0.065,0.386,529120749,313804589 ( 145.7% ),65107,38476 ( 144.5% ),86487674866,10229710,5
33,2015-05-24,454,0.109,1306,0.082,176088,0.067,0.465,663395300,134274551 ( 25.4% ),81852,16745 ( 25.7% ),87151070166,10311562,5
34,2015-05-25,450,0.109,1267,0.083,172124,0.068,0.449,610220700,-53174600 ( -8.0% ),77346,-4506 ( -5.5% ),87761290866,10388908,6
35,2015-05-26,382,0.104,1147,0.082,155502,0.067,0.086,103129900,-507090800 ( -83.1% ),13325,-64021 ( -82.8% ),87864420766,10402233,5
36,2015-05-27,290,0.07,708,0.05,96675,0.041,0.095,64182100,-38947800 ( -37.8% ),9191,-4134 ( -31.0% ),87928602866,10411424,7
37,2015-05-28,192,0.047,369,0.026,48814,0.021,0.119,42560800,-21621300 ( -33.7% ),5791,-3400 ( -37.0% ),87971163666,10417215,8
38,2015-05-29,201,0.049,388,0.027,51499,0.021,0.136,56473900,13913100 ( 32.7% ),7007,1216 ( 21.0% ),88027637566,10424222,8
39,2015-05-30,247,0.053,472,0.03,61271,0.024,0.381,185259400,128785500 ( 228.0% ),23346,16339 ( 233.2% ),88212896966,10447568,8
40,2015-05-31,242,0.053,463,0.031,60753,0.024,0.356,172826500,-12432900 ( -6.7% ),21653,-1693 ( -7.3% ),88385723466,10469221,8
41,2015-06-01,190,0.048,377,0.027,50781,0.022,0.09,34234200,-138592300 ( -80.2% ),4592,-17061 ( -78.8% ),88419957666,10473813,8
42,2015-06-02,196,0.049,380,0.028,50803,0.022,0.079,30289500,-3944700 ( -11.5% ),4009,-583 ( -12.7% ),88450247166,10477822,8
43,2015-06-03,119,0.03,223,0.016,30386,0.013,0.069,15708800,-14580700 ( -48.1% ),2110,-1899 ( -47.4% ),88465955966,10479932,9
44,2015-06-04,48,0.012,83,0.006,11516,0.005,0.087,7824000,-7884800 ( -50.2% ),1005,-1105 ( -52.4% ),88473779966,10480937,13
45,2015-06-05,54,0.013,96,0.006,13503,0.005,0.13,14906500,7082500 ( 90.5% ),1749,744 ( 74.0% ),88488686466,10482686,10
46,2015-06-06,72,0.016,117,0.007,16167,0.006,0.197,25986800,11080300 ( 74.3% ),3187,1438 ( 82.2% ),88514673266,10485873,11
47,2015-06-07,76,0.017,117,0.008,16061,0.006,0.17,22155700,-3831100 ( -14.7% ),2738,-449 ( -14.1% ),88536828966,10488611,11
48,2015-06-08,55,0.014,90,0.007,12740,0.005,0.067,6517000,-15638700 ( -70.6% ),852,-1886 ( -68.9% ),88543345966,10489463,13
49,2015-06-09,55,0.014,86,0.006,12321,0.005,0.064,6014300,-502700 ( -7.7% ),793,-59 ( -6.9% ),88549360266,10490256,11
50,2015-06-10,55,0.014,91,0.007,12881,0.006,0.064,6207000,192700 ( 3.2% ),819,26 ( 3.3% ),88555567266,10491075,13
51,2015-06-11,31,0.008,40,0.003,5926,0.003,0.058,2545100,-3661900 ( -59.0% ),344,-475 ( -58.0% ),88558112366,10491419,19
52,2015-06-12,33,0.009,41,0.003,6226,0.003,0.071,3689000,1143900 ( 44.9% ),441,97 ( 28.2% ),88561801366,10491860,16
53,2015-06-13,32,0.008,40,0.003,5444,0.002,0.153,6930200,3241200 ( 87.9% ),833,392 ( 88.9% ),88568731566,10492693,14
54,2015-06-14,30,0.008,34,0.002,4867,0.002,0.131,5189300,-1740900 ( -25.1% ),639,-194 ( -23.3% ),88573920866,10493332,15
55,2015-06-15,26,0.007,33,0.002,4557,0.002,0.074,2464500,-2724800 ( -52.5% ),337,-302 ( -47.3% ),88576385366,10493669,18
56,2015-06-16,26,0.007,34,0.002,4818,0.002,0.068,2379000,-85500 ( -3.5% ),330,-7 ( -2.1% ),88578764366,10493999,16
57,2015-06-17,28,0.008,34,0.002,4814,0.002,0.065,2348000,-31000 ( -1.3% ),315,-15 ( -4.5% ),88581112366,10494314,19
58,2015-06-18,1,0.0,1,0.0,183,0.0,0.005,5000,-2343000 ( -99.8% ),1,-314 ( -99.7% ),88581117366,10494315,82
59,2015-06-20,2,0.001,2,0.0,515,0.0,0.357,1469000,1469000 ( 100.0% ),184,184 ( 100.0% ),88582586366,10494499,25
60,2018-10-28,1,0.0,1,0.0,192,0.0,0.724,1241500,1241500 ( 100.0% ),139,139 ( 100.0% ),88583827866,10494638,34
61,2018-11-01,1,0.0,1,0.0,192,0.0,0.042,56000,56000 ( 100.0% ),8,8 ( 100.0% ),88583883866,10494646,99
62,2018-11-02,1,0.0,1,0.0,192,0.0,0.057,96000,40000 ( 71.4% ),11,3 ( 37.5% ),88583979866,10494657,91
63,2018-11-03,1,0.0,1,0.0,192,0.0,0.313,519500,423500 ( 441.1% ),60,49 ( 445.5% ),88584499366,10494717,74
64,2018-11-04,1,0.0,1,0.0,192,0.0,0.359,581500,62000 ( 11.9% ),69,9 ( 15.0% ),88585080866,10494786,64
65,2018-11-05,1,0.0,1,0.0,192,0.0,0.13,203000,-378500 ( -65.1% ),25,-44 ( -63.8% ),88585283866,10494811,65
66,2018-11-06,1,0.0,1,0.0,192,0.0,0.151,253500,50500 ( 24.9% ),29,4 ( 16.0% ),88585537366,10494840,64
67,2020-04-23,297,0.083,381,0.078,71848,0.091,0.018,7491900,7491900 ( 100.0% ),1258,1258 ( 100.0% ),88593029266,10496098,4
68,2020-04-24,307,0.086,399,0.081,74118,0.095,0.017,7676240,184340 ( 2.5% ),1245,-13 ( -1.0% ),88600705506,10497343,4
69,2020-04-25,365,0.087,505,0.08,93672,0.094,0.024,13556420,5880180 ( 76.6% ),2239,994 ( 79.8% ),88614261926,10499582,4
70,2020-04-26,344,0.083,488,0.079,90957,0.094,0.024,13203220,-353200 ( -2.6% ),2183,-56 ( -2.5% ),88627465146,10501765,6
71,2020-04-27,270,0.08,340,0.074,64500,0.087,0.014,5199680,-8003540 ( -60.6% ),884,-1299 ( -59.5% ),88632664826,10502649,6
72,2020-04-28,291,0.081,387,0.079,72617,0.092,0.015,6327920,1128240 ( 21.7% ),1115,231 ( 26.1% ),88638992746,10503764,5
73,2020-04-29,56,0.013,66,0.009,11351,0.01,0.021,1221500,-5106420 ( -80.7% ),243,-872 ( -78.2% ),88640214246,10504007,23
74,2022-10-22,2,0.0,2,0.0,318,0.0,0.336,1212000,1212000 ( 100.0% ),107,107 ( 100.0% ),88641426246,10504114,57
75,2022-10-23,2,0.0,3,0.0,512,0.0,0.105,606400,-605600 ( -50.0% ),54,-53 ( -49.5% ),88642032646,10504168,79
76,2022-10-24,2,0.0,4,0.0,636,0.0,0.044,316500,-289900 ( -47.8% ),28,-26 ( -48.1% ),88642349146,10504196,72
77,2022-10-25,2,0.0,2,0.0,318,0.0,0.113,381500,65000 ( 20.5% ),36,8 ( 28.6% ),88642730646,10504232,69
78,2022-10-26,2,0.0,2,0.0,318,0.0,0.091,322400,-59100 ( -15.5% ),29,-7 ( -19.4% ),88643053046,10504261,80
79,2022-10-27,2,0.0,3,0.0,512,0.0,0.023,133000,-189400 ( -58.7% ),12,-17 ( -58.6% ),88643186046,10504273,98
80,2022-10-28,2,0.0,4,0.0,636,0.0,0.05,377400,244400 ( 183.8% ),32,20 ( 166.7% ),88643563446,10504305,86
81,2022-10-29,2,0.0,2,0.0,318,0.0,0.119,429200,51800 ( 13.7% ),38,6 ( 18.8% ),88643992646,10504343,88
82,2022-10-30,2,0.0,2,0.0,318,0.0,0.164,637200,208000 ( 48.5% ),52,14 ( 36.8% ),88644629846,10504395,67
83,2022-10-31,2,0.0,3,0.0,512,0.0,0.049,255000,-382200 ( -60.0% ),25,-27 ( -51.9% ),88644884846,10504420,71
84,2022-11-01,2,0.0,3,0.0,512,0.0,0.049,251500,-3500 ( -1.4% ),25,0 ( 0.0% ),88645136346,10504445,67
85,2022-11-04,2,0.0,2,0.0,318,0.0,0.069,263600,263600 ( 100.0% ),22,22 ( 100.0% ),88645399946,10504467,81
86,2022-11-08,2,0.0,2,0.0,318,0.0,0.063,198700,198700 ( 100.0% ),20,20 ( 100.0% ),88645598646,10504487,78
