,날짜,스크린수,스크린점유율,상영횟수,상영점유율,좌석수,좌석점유율,좌석판매율,매출액,매출액증감(전일대비),관객수,관객수증감(전일대비),누적매출액,누적관객수,순위
0,2016-04-19,3,0.001,3,0.0,1009,0.0,0.976,5910000,5910000 ( 100.0% ),985,985 ( 100.0% ),5910000,985,13
1,2016-04-26,4,0.001,5,0.0,2474,0.001,0.113,9159000,9159000 ( 100.0% ),279,279 ( 100.0% ),15069000,1264,36
2,2016-04-27,1864,0.404,9067,0.634,1672930,0.713,0.435,4948963000,4939804000 ( 53933.9% ),727949,727670 ( 260813.6% ),4964032000,729213,1
3,2016-04-28,1809,0.4,9022,0.627,1672996,0.708,0.283,3856410749,-1092552251 ( -22.1% ),474023,-253926 ( -34.9% ),8820442749,1203236,1
4,2016-04-29,1866,0.405,9364,0.636,1722230,0.715,0.371,5596538900,1740128151 ( 45.1% ),638973,164950 ( 34.8% ),14416981649,1842209,1
5,2016-04-30,1991,0.427,10341,0.682,1872135,0.757,0.61,9991461049,4394922149 ( 78.5% ),1142509,503536 ( 78.8% ),24408442698,2984718,1
6,2016-05-01,1969,0.429,10070,0.684,1831700,0.758,0.519,8372167800,-1619293249 ( -16.2% ),949797,-192712 ( -16.9% ),32780610498,3934515,1
7,2016-05-02,1848,0.42,9022,0.647,1664078,0.723,0.158,2133622400,-6238545400 ( -74.5% ),262274,-687523 ( -72.4% ),34914232898,4196789,1
8,2016-05-03,1846,0.407,8966,0.637,1657438,0.716,0.151,2013584200,-120038200 ( -5.6% ),249924,-12350 ( -4.7% ),36927817098,4446713,1
9,2016-05-04,1712,0.356,8268,0.553,1530102,0.624,0.278,3345408300,1331824100 ( 66.1% ),424827,174903 ( 70.0% ),40273225398,4871540,1
10,2016-05-05,1792,0.334,8566,0.521,1572012,0.588,0.564,7578443800,4233035500 ( 126.5% ),886759,461932 ( 108.7% ),47851669198,5758299,1
11,2016-05-06,1777,0.34,8596,0.531,1583963,0.603,0.427,5788077985,-1790365815 ( -23.6% ),676335,-210424 ( -23.7% ),53639747183,6434634,1
12,2016-05-07,1749,0.337,8546,0.529,1582200,0.603,0.332,4604951442,-1183126543 ( -20.4% ),525375,-150960 ( -22.3% ),58244698625,6960009,1
13,2016-05-08,1723,0.339,8175,0.527,1520699,0.602,0.254,3371801200,-1233150242 ( -26.8% ),386959,-138416 ( -26.3% ),61616499825,7346968,1
14,2016-05-09,1599,0.373,7380,0.546,1384563,0.619,0.086,948367800,-2423433400 ( -71.9% ),118785,-268174 ( -69.3% ),62564867625,7465753,1
15,2016-05-10,1589,0.371,7210,0.541,1353706,0.614,0.075,812077900,-136289900 ( -14.4% ),101692,-17093 ( -14.4% ),63376945525,7567445,1
16,2016-05-11,1450,0.284,5435,0.412,1023988,0.468,0.079,643814200,-168263700 ( -20.7% ),80698,-20994 ( -20.6% ),64020759725,7648143,2
17,2016-05-12,864,0.2,3649,0.264,661912,0.291,0.099,531807300,-112006900 ( -17.4% ),65539,-15159 ( -18.8% ),64552567025,7713682,2
18,2016-05-13,889,0.194,3647,0.256,656290,0.281,0.167,948738029,416930729 ( 78.4% ),109274,43735 ( 66.7% ),65501305054,7822956,2
19,2016-05-14,794,0.156,3295,0.218,568955,0.232,0.416,2079484913,1130746884 ( 119.2% ),236541,127267 ( 116.5% ),67580789967,8059497,2
20,2016-05-15,777,0.154,3092,0.211,535735,0.224,0.341,1593004200,-486480713 ( -23.4% ),182651,-53890 ( -22.8% ),69173794167,8242148,2
21,2016-05-16,729,0.17,2909,0.215,484151,0.217,0.097,358307600,-1234696600 ( -77.5% ),46865,-135786 ( -74.3% ),69532101767,8289013,2
22,2016-05-17,718,0.166,2761,0.208,455276,0.208,0.074,268490400,-89817200 ( -25.1% ),33698,-13167 ( -28.1% ),69800592167,8322711,2
23,2016-05-18,699,0.16,2668,0.199,433565,0.197,0.075,257718160,-10772240 ( -4.0% ),32729,-969 ( -2.9% ),70058310327,8355440,2
24,2016-05-19,463,0.1,1363,0.096,209063,0.09,0.105,168064300,-89653860 ( -34.8% ),21987,-10742 ( -32.8% ),70226374627,8377427,4
25,2016-05-20,479,0.1,1394,0.095,208608,0.087,0.158,276781100,108716800 ( 64.7% ),33048,11061 ( 50.3% ),70503155727,8410475,3
26,2016-05-21,505,0.096,1437,0.093,210863,0.084,0.373,660608500,383827400 ( 138.7% ),78634,45586 ( 137.9% ),71163764227,8489109,3
27,2016-05-22,518,0.099,1410,0.094,209534,0.086,0.339,596414300,-64194200 ( -9.7% ),71125,-7509 ( -9.5% ),71760178527,8560234,3
28,2016-05-23,446,0.099,1325,0.095,203314,0.089,0.089,139142800,-457271500 ( -76.7% ),18187,-52938 ( -74.4% ),71899321327,8578421,4
29,2016-05-24,443,0.096,1310,0.094,201630,0.088,0.086,132390500,-6752300 ( -4.9% ),17380,-807 ( -4.4% ),72031711827,8595801,4
30,2016-05-25,267,0.052,445,0.032,59656,0.026,0.143,52053400,-80337100 ( -60.7% ),8537,-8843 ( -50.9% ),72083765227,8604338,6
31,2016-05-26,242,0.049,413,0.03,56069,0.024,0.1,42779500,-9273900 ( -17.8% ),5591,-2946 ( -34.5% ),72126544727,8609929,6
32,2016-05-27,242,0.048,413,0.029,54867,0.023,0.143,65468300,22688800 ( 53.0% ),7820,2229 ( 39.9% ),72192013027,8617749,6
33,2016-05-28,232,0.044,370,0.024,48846,0.02,0.351,142587000,77118700 ( 117.8% ),17158,9338 ( 119.4% ),72334600027,8634907,7
34,2016-05-29,236,0.045,367,0.025,48643,0.02,0.321,127667700,-14919300 ( -10.5% ),15593,-1565 ( -9.1% ),72462267727,8650500,7
35,2016-05-30,238,0.05,410,0.03,55346,0.024,0.095,39752100,-87915600 ( -68.9% ),5281,-10312 ( -66.1% ),72502019827,8655781,7
36,2016-05-31,235,0.048,401,0.029,55348,0.025,0.091,37697200,-2054900 ( -5.2% ),5019,-262 ( -5.0% ),72539717027,8660800,8
37,2016-06-01,44,0.01,65,0.005,8246,0.003,0.112,7024200,-30673000 ( -81.4% ),927,-4092 ( -81.5% ),72546741227,8661727,14
38,2016-06-02,38,0.008,55,0.004,6736,0.003,0.117,5878000,-1146200 ( -16.3% ),785,-142 ( -15.3% ),72552619227,8662512,16
39,2016-06-03,39,0.008,56,0.004,6578,0.003,0.169,9386500,3508500 ( 59.7% ),1110,325 ( 41.4% ),72562005727,8663622,13
40,2016-06-04,41,0.008,58,0.004,7027,0.003,0.452,24216700,14830200 ( 158.0% ),3178,2068 ( 186.3% ),72586222427,8666800,13
41,2016-06-05,46,0.009,66,0.004,8242,0.003,0.459,29640400,5423700 ( 22.4% ),3779,601 ( 18.9% ),72615862827,8670579,13
42,2016-06-06,43,0.008,64,0.004,8375,0.003,0.401,28196700,-1443700 ( -4.9% ),3361,-418 ( -11.1% ),72644059527,8673940,14
43,2016-06-07,43,0.009,64,0.005,8389,0.004,0.084,5321500,-22875200 ( -81.1% ),704,-2657 ( -79.1% ),72649381027,8674644,18
44,2016-06-08,42,0.009,63,0.005,8284,0.004,0.081,5150000,-171500 ( -3.2% ),669,-35 ( -5.0% ),72654531027,8675313,19
45,2016-06-09,5,0.001,8,0.001,868,0.0,0.141,957500,-4192500 ( -81.4% ),122,-547 ( -81.8% ),72655488527,8675435,37
46,2016-06-10,4,0.001,8,0.001,876,0.0,0.168,1343500,386000 ( 40.3% ),147,25 ( 20.5% ),72656832027,8675582,34
47,2016-06-11,5,0.001,6,0.0,597,0.0,0.442,2411000,1067500 ( 79.5% ),264,117 ( 79.6% ),72659243027,8675846,23
48,2016-06-12,6,0.001,7,0.0,1013,0.0,0.272,2486500,75500 ( 3.1% ),276,12 ( 4.5% ),72661729527,8676122,22
49,2016-06-13,4,0.001,6,0.0,685,0.0,0.098,528500,-1958000 ( -78.7% ),67,-209 ( -75.7% ),72662258027,8676189,42
50,2016-06-14,4,0.001,6,0.0,685,0.0,0.12,638000,109500 ( 20.7% ),82,15 ( 22.4% ),72662896027,8676271,39
51,2016-06-15,5,0.001,6,0.0,726,0.0,0.107,618500,-19500 ( -3.1% ),78,-4 ( -4.9% ),72663514527,8676349,43
52,2016-06-16,3,0.001,3,0.0,489,0.0,0.11,407000,-211500 ( -34.2% ),54,-24 ( -30.8% ),72663921527,8676403,53
53,2016-06-17,4,0.001,4,0.0,875,0.0,0.186,2139000,1732000 ( 425.6% ),163,109 ( 201.9% ),72666060527,8676566,30
54,2016-06-18,2,0.0,2,0.0,458,0.0,0.14,568800,-1570200 ( -73.4% ),64,-99 ( -60.7% ),72666629327,8676630,51
55,2016-06-19,2,0.0,2,0.0,458,0.0,0.114,497500,-71300 ( -12.5% ),52,-12 ( -18.8% ),72667126827,8676682,54
56,2016-06-20,3,0.001,3,0.0,373,0.0,0.18,572000,74500 ( 15.0% ),67,15 ( 28.8% ),72667698827,8676749,40
57,2016-06-21,3,0.001,3,0.0,365,0.0,0.121,390500,-181500 ( -31.7% ),44,-23 ( -34.3% ),72668089327,8676793,45
58,2016-06-22,2,0.0,3,0.0,384,0.0,0.115,383500,-7000 ( -1.8% ),44,0 ( 0.0% ),72668472827,8676837,47
59,2016-06-23,1,0.0,1,0.0,143,0.0,0.203,266500,-117000 ( -30.5% ),29,-15 ( -34.1% ),72668739327,8676866,63
60,2016-06-24,1,0.0,1,0.0,143,0.0,0.126,198000,-68500 ( -25.7% ),18,-11 ( -37.9% ),72668937327,8676884,76
61,2016-06-25,1,0.0,1,0.0,143,0.0,0.063,75500,-122500 ( -61.9% ),9,-9 ( -50.0% ),72669012827,8676893,90
62,2016-06-26,1,0.0,1,0.0,143,0.0,0.252,341500,266000 ( 352.3% ),36,27 ( 300.0% ),72669354327,8676929,61
63,2016-06-27,1,0.0,1,0.0,143,0.0,0.189,233000,-108500 ( -31.8% ),27,-9 ( -25.0% ),72669587327,8676956,63
64,2016-06-28,1,0.0,1,0.0,143,0.0,0.098,139000,-94000 ( -40.3% ),14,-13 ( -48.1% ),72669726327,8676970,79
65,2016-06-29,2,0.0,2,0.0,177,0.0,0.249,361000,222000 ( 159.7% ),44,30 ( 214.3% ),72670087327,8677014,63
66,2016-06-30,1,0.0,1,0.0,143,0.0,0.126,173500,-187500 ( -51.9% ),18,-26 ( -59.1% ),72670260827,8677032,70
67,2016-07-01,2,0.0,2,0.0,425,0.0,0.108,372000,198500 ( 114.4% ),46,28 ( 155.6% ),72670632827,8677078,52
68,2016-07-02,1,0.0,1,0.0,80,0.0,0.238,176000,-196000 ( -52.7% ),19,-27 ( -58.7% ),72670808827,8677097,77
69,2016-07-03,1,0.0,1,0.0,80,0.0,0.413,274000,98000 ( 55.7% ),33,14 ( 73.7% ),72671082827,8677130,62
70,2016-07-04,1,0.0,1,0.0,80,0.0,0.163,113000,-161000 ( -58.8% ),13,-20 ( -60.6% ),72671195827,8677143,60
71,2016-07-05,1,0.0,1,0.0,80,0.0,0.175,115500,2500 ( 2.2% ),14,1 ( 7.7% ),72671311327,8677157,71
72,2016-07-06,1,0.0,1,0.0,80,0.0,0.225,153000,37500 ( 32.5% ),18,4 ( 28.6% ),72671464327,8677175,79
73,2016-07-07,1,0.0,1,0.0,80,0.0,0.125,80000,-73000 ( -47.7% ),10,-8 ( -44.4% ),72671544327,8677185,84
74,2016-07-08,1,0.0,1,0.0,80,0.0,0.125,85000,5000 ( 6.3% ),10,0 ( 0.0% ),72671629327,8677195,99
75,2016-07-09,1,0.0,1,0.0,35,0.0,0.571,162500,77500 ( 91.2% ),20,10 ( 100.0% ),72671791827,8677215,95
76,2016-07-10,1,0.0,1,0.0,35,0.0,0.486,155000,-7500 ( -4.6% ),17,-3 ( -15.0% ),72671946827,8677232,82
77,2016-07-11,2,0.0,2,0.0,223,0.0,0.036,76000,-79000 ( -51.0% ),8,-9 ( -52.9% ),72672022827,8677240,56
78,2016-07-12,1,0.0,1,0.0,200,0.0,0.045,89000,13000 ( 17.1% ),9,1 ( 12.5% ),72672111827,8677249,69
79,2018-07-31,1,0.0,1,0.0,306,0.0,1.0,3060000,3060000 ( 100.0% ),306,306 ( 100.0% ),72675171827,8677555,23
80,2018-10-27,1,0.0,1,0.0,192,0.0,0.146,205000,205000 ( 100.0% ),28,28 ( 100.0% ),72675376827,8677583,98
81,2018-10-28,1,0.0,1,0.0,192,0.0,0.391,605000,400000 ( 195.1% ),75,47 ( 167.9% ),72675981827,8677658,60
82,2018-10-29,1,0.0,1,0.0,192,0.0,0.083,138500,-466500 ( -77.1% ),16,-59 ( -78.7% ),72676120327,8677674,70
83,2018-10-30,1,0.0,1,0.0,192,0.0,0.109,174000,35500 ( 25.6% ),21,5 ( 31.3% ),72676294327,8677695,81
84,2018-10-31,1,0.0,1,0.0,192,0.0,0.234,376500,202500 ( 116.4% ),45,24 ( 114.3% ),72676670827,8677740,66
85,2018-11-01,1,0.0,1,0.0,220,0.0,0.095,182000,-194500 ( -51.7% ),21,-24 ( -53.3% ),72676852827,8677761,81
86,2018-11-02,2,0.0,2,0.0,848,0.0,0.035,275500,93500 ( 51.4% ),30,9 ( 42.9% ),72677128327,8677791,69
87,2018-11-03,2,0.0,2,0.0,848,0.0,0.143,1064000,788500 ( 286.2% ),121,91 ( 303.3% ),72678192327,8677912,44
88,2018-11-04,1,0.0,1,0.0,220,0.0,0.059,139000,-925000 ( -86.9% ),13,-108 ( -89.3% ),72678331327,8677925,94
89,2018-11-05,2,0.0,2,0.0,848,0.0,0.072,496500,357500 ( 257.2% ),61,48 ( 369.2% ),72678827827,8677986,42
90,2018-11-06,1,0.0,1,0.0,628,0.0,0.046,233000,-263500 ( -53.1% ),29,-32 ( -52.5% ),72679060827,8678015,64
91,2018-11-07,2,0.0,2,0.0,848,0.0,0.12,831500,598500 ( 256.9% ),102,73 ( 251.7% ),72679892327,8678117,48
92,2022-10-22,2,0.0,2,0.0,318,0.0,0.236,900100,900100 ( 100.0% ),75,75 ( 100.0% ),72680792427,8678192,75
93,2022-10-23,2,0.0,2,0.0,318,0.0,0.239,878300,-21800 ( -2.4% ),76,1 ( 1.3% ),72681670727,8678268,71
94,2022-10-24,2,0.0,3,0.0,512,0.0,0.053,241000,-637300 ( -72.6% ),27,-49 ( -64.5% ),72681911727,8678295,73
95,2022-10-25,2,0.0,4,0.0,636,0.0,0.093,641500,400500 ( 166.2% ),59,32 ( 118.5% ),72682553227,8678354,59
96,2022-10-26,2,0.0,2,0.0,318,0.0,0.34,746000,104500 ( 16.3% ),108,49 ( 83.1% ),72683299227,8678462,39
97,2022-10-27,2,0.0,2,0.0,318,0.0,0.119,430500,-315500 ( -42.3% ),38,-70 ( -64.8% ),72683729727,8678500,70
98,2022-10-28,2,0.0,4,0.0,636,0.0,0.047,356400,-74100 ( -17.2% ),30,-8 ( -21.1% ),72684086127,8678530,88
99,2022-10-29,2,0.0,4,0.0,636,0.0,0.112,731200,374800 ( 105.2% ),71,41 ( 136.7% ),72684817327,8678601,66
100,2022-10-30,2,0.0,2,0.0,318,0.0,0.201,767900,36700 ( 5.0% ),64,-7 ( -9.9% ),72685585227,8678665,60
101,2022-10-31,2,0.0,2,0.0,318,0.0,0.072,262600,-505300 ( -65.8% ),23,-41 ( -64.1% ),72685847827,8678688,73
102,2022-11-01,1,0.0,2,0.0,388,0.0,0.046,195000,-67600 ( -25.7% ),18,-5 ( -21.7% ),72686042827,8678706,73
103,2022-11-05,2,0.0,2,0.0,318,0.0,0.173,633700,633700 ( 100.0% ),55,55 ( 100.0% ),72686676527,8678761,65
