날짜,스크린수,스크린점유율,상영횟수,상영점유율,좌석수,좌석점유율,좌석판매율,매출액,매출액증감(전일대비),관객수,관객수증감(전일대비),누적매출액,누적관객수,순위,가격
2017-12-27,1299,0.24,6074,0.356,1070761,0.39,0.31,1973650400,1909449900,331736,324568,2277747900,367067,2,10000
2017-12-28,1233,0.224,5645,0.327,969574,0.351,0.228,1655660700,-317989700,221304,-110432,3933408600,588371,2,10000
2017-12-29,1170,0.209,5519,0.309,931532,0.327,0.329,2560147830,904487130,306562,85258,6493556430,894933,2,11000
2017-12-30,1079,0.187,5122,0.275,830642,0.28,0.586,4075364307,1515216477,487098,180536,10568920737,1382031,2,11000
2017-12-31,1082,0.187,5089,0.272,819068,0.275,0.684,4685083300,609718993,560046,72948,15254004037,1942077,2,11000
2018-01-01,1097,0.194,4982,0.278,793990,0.278,0.669,4460462100,-224621200,531469,-28577,19714466137,2473546,2,11000
2018-01-02,1063,0.199,5044,0.292,802143,0.291,0.271,1643436600,-2817025500,217247,-314222,21357902737,2690793,2,10000
2018-01-03,964,0.181,4231,0.243,693569,0.249,0.252,1329337000,-314099600,174979,-42268,22687239737,2865772,2,10000
2018-01-04,986,0.176,4260,0.243,704405,0.251,0.232,1240939300,-88397700,163429,-11550,23928179037,3029201,2,10000
2018-01-05,1012,0.181,4456,0.25,748365,0.263,0.27,1708090697,467151397,202189,38760,25636269734,3231390,2,11000
2018-01-06,1094,0.188,4812,0.262,821796,0.28,0.531,3672225298,1964134601,436755,234566,29308495032,3668145,2,11000
2018-01-07,1067,0.186,4738,0.262,810005,0.28,0.52,3539227900,-132997398,421153,-15602,32847722932,4089298,2,11000
2018-01-08,1012,0.193,4545,0.264,781718,0.283,0.23,1368413800,-2170814100,179970,-241183,34216136732,4269268,1,10000
2018-01-09,1052,0.196,4598,0.268,788434,0.286,0.223,1333191300,-35222500,175793,-4177,35549328032,4445061,1,10000
2018-01-10,1080,0.2,4666,0.274,801840,0.294,0.208,1264934200,-68257100,166737,-9056,36814262232,4611798,1,10000
2018-01-11,957,0.167,3840,0.221,692545,0.248,0.208,1097894600,-167039600,143893,-22844,37912156832,4755691,1,10000
2018-01-12,995,0.17,4045,0.23,735488,0.261,0.253,1589822454,491927854,186217,42324,39501979286,4941908,1,11000
2018-01-13,1103,0.18,4584,0.251,839279,0.288,0.517,3681128059,2091305605,434056,247839,43183107345,5375964,1,11000
2018-01-14,1122,0.183,4516,0.253,825132,0.289,0.498,3462113600,-219014459,410882,-23174,46645220945,5786846,1,11000
2018-01-15,1015,0.18,4222,0.25,783673,0.289,0.165,978569700,-2483543900,128995,-281887,47623790645,5915841,1,10000
2018-01-16,1042,0.179,4239,0.252,780644,0.288,0.149,877919500,-100650200,116339,-12656,48501710145,6032180,1,10000
2018-01-17,755,0.135,2901,0.171,490218,0.179,0.185,688826800,-189092700,90628,-25711,49190536945,6122808,3,10000
2018-01-18,745,0.128,2833,0.165,477701,0.174,0.168,607829400,-80997400,80288,-10340,49798366345,6203096,4,10000
2018-01-19,745,0.129,2842,0.162,473519,0.169,0.193,778155200,170325800,91393,11105,50576521545,6294489,4,11000
2018-01-20,714,0.119,2744,0.152,446996,0.155,0.443,1684063000,905907800,198195,106802,52260584545,6492684,4,11000
2018-01-21,708,0.119,2642,0.15,427024,0.151,0.411,1478354200,-205708800,175482,-22713,53738938745,6668166,4,11000
2018-01-22,689,0.125,2599,0.155,410957,0.152,0.127,395319700,-1083034500,52331,-123151,54134258445,6720497,4,10000
2018-01-23,688,0.121,2540,0.151,401411,0.149,0.123,371003000,-24316700,49510,-2821,54505261445,6770007,5,10000
2018-01-24,547,0.096,1816,0.104,270656,0.096,0.132,272188300,-98814700,35857,-13653,54777449745,6805864,5,10000
2018-01-25,562,0.089,1706,0.096,253103,0.089,0.131,249946400,-22241900,33264,-2593,55027396145,6839128,5,10000
2018-01-26,578,0.089,1733,0.096,257909,0.09,0.143,313169100,63222700,36987,3723,55340565245,6876115,5,11000
2018-01-27,604,0.086,1666,0.089,245501,0.082,0.315,656925300,343756200,77436,40449,55997490545,6953551,5,11000
2018-01-28,610,0.087,1615,0.088,237233,0.081,0.305,610028100,-46897200,72382,-5054,56607518645,7025933,5,11000
2018-01-29,577,0.093,1621,0.094,236027,0.085,0.113,201175800,-408852300,26748,-45634,56808694445,7052681,5,10000
2018-01-30,586,0.091,1611,0.093,234833,0.085,0.11,191703800,-9472000,25848,-900,57000398245,7078529,5,10000
2018-01-31,404,0.067,759,0.041,97468,0.032,0.23,133409100,-58294700,22463,-3385,57133807345,7100992,8,10000
2018-02-01,384,0.061,668,0.036,87543,0.029,0.136,88140400,-45268700,11916,-10547,57221947745,7112908,8,10000
2018-02-02,401,0.062,685,0.037,91315,0.03,0.153,114417200,26276800,13966,2050,57336364945,7126874,8,11000
2018-02-03,387,0.056,636,0.033,85669,0.027,0.291,209234700,94817500,24901,10935,57545599645,7151775,8,11000
2018-02-04,397,0.058,641,0.034,86322,0.028,0.274,199378100,-9856600,23629,-1272,57744977745,7175404,8,11000
2018-02-05,413,0.069,706,0.041,97405,0.035,0.086,62977700,-136400400,8412,-15217,57807955445,7183816,8,10000
2018-02-06,417,0.067,707,0.042,97747,0.036,0.08,58442600,-4535100,7861,-551,57866398045,7191677,8,10000
2018-02-07,405,0.065,709,0.042,98708,0.036,0.095,68214600,9772000,9410,1549,57934612645,7201087,8,10000
2018-02-08,173,0.028,265,0.015,32865,0.012,0.099,23926200,-44288400,3245,-6165,57958538845,7204332,12,10000
2018-02-09,188,0.03,279,0.016,34786,0.012,0.11,31150800,7224600,3820,575,57989689645,7208152,11,11000
2018-02-10,177,0.026,260,0.014,30922,0.01,0.166,43353400,12202600,5124,1304,58033043045,7213276,13,11000
2018-02-11,168,0.025,243,0.013,29099,0.01,0.17,41888100,-1465300,4955,-169,58074931145,7218231,13,11000
2018-02-12,183,0.03,264,0.016,32643,0.012,0.06,14760800,-27127300,1951,-3004,58089691945,7220182,14,10000
2018-02-13,179,0.029,269,0.016,33916,0.012,0.064,16339400,1578600,2171,220,58106031345,7222353,14,10000
