날짜,스크린수,스크린점유율,상영횟수,상영점유율,좌석수,좌석점유율,좌석판매율,매출액,매출액증감(전일대비),관객수,관객수증감(전일대비),누적매출액,누적관객수,순위,가격
2022-12-14,2797,0.507,10115,0.709,1544693,0.767,0.232,4189094718,4189094718,359031,359031,4204214718,359787,1,13000
2022-12-15,2806,0.504,9921,0.705,1520174,0.764,0.192,3448800680,-740294038,291397,-67634,7653015398,651184,1,13000
2022-12-16,2809,0.496,10289,0.702,1574928,0.763,0.263,5096229751,1647429071,414520,123123,12749245149,1065704,1,14000
2022-12-17,2803,0.476,10610,0.683,1624454,0.748,0.51,10154387329,5058157578,828253,413733,22903632478,1893957,1,14000
2022-12-18,2777,0.479,10247,0.68,1571943,0.745,0.501,9584166736,-570220593,786962,-41291,32487799214,2680919,1,14000
2022-12-19,2696,0.511,9536,0.697,1474767,0.758,0.179,3217342739,-6366823997,264527,-522435,35705141953,2945446,1,13000
2022-12-20,2717,0.493,9502,0.685,1465631,0.747,0.175,3090471401,-126871338,256091,-8436,38795613354,3201537,1,13000
2022-12-21,2198,0.405,7443,0.49,1140463,0.528,0.213,2947084631,-143386770,242929,-13162,41742697985,3444466,1,13000
2022-12-22,2209,0.384,7372,0.487,1135951,0.529,0.198,2790193783,-156890848,225354,-17575,44532891768,3669820,1,13000
2022-12-23,2242,0.391,7820,0.499,1201042,0.541,0.274,4260110221,1469916438,329464,104110,48793001989,3999284,1,14000
2022-12-24,2289,0.347,8363,0.481,1285201,0.53,0.625,10152136901,5892026680,803132,473668,58945138890,4802416,1,14000
2022-12-25,2280,0.342,8067,0.476,1246767,0.527,0.62,9639091798,-513045103,772960,-30172,68584230688,5575376,1,14000
2022-12-26,2156,0.371,7394,0.487,1155398,0.539,0.205,2960830530,-6678261268,237068,-535892,71545061218,5812444,1,13000
2022-12-27,2200,0.363,7389,0.481,1152643,0.532,0.177,2544691710,-416138820,203956,-33112,74089752928,6016400,1,13000
2022-12-28,2066,0.34,6905,0.436,1099989,0.495,0.215,2667015842,122324132,236019,32063,76756768770,6252419,1,13000
2022-12-29,2035,0.335,6910,0.437,1099957,0.498,0.196,2695701474,28685632,215887,-20132,79452470244,6468306,1,13000
2022-12-30,2075,0.334,7287,0.443,1157868,0.504,0.285,4270276234,1574574760,329562,113675,83722746478,6797868,1,14000
2022-12-31,2050,0.292,7454,0.433,1192557,0.498,0.432,6574092724,2303816490,515281,185719,90296839202,7313149,1,14000
2023-01-01,2047,0.298,7148,0.435,1139079,0.498,0.377,5546745851,-1027346873,429533,-85748,95843585053,7742682,1,14000
2023-01-02,1992,0.329,6578,0.438,1056182,0.498,0.138,1869536653,-3677209198,145308,-284225,97713121706,7887990,1,13000
2023-01-03,1991,0.327,6471,0.433,1039497,0.493,0.11,1475204233,-394332420,113903,-31405,99188325939,8001893,1,13000
2023-01-04,1473,0.226,4464,0.268,733980,0.312,0.125,1220595836,-254608397,91614,-22289,100408921775,8093507,1,13000
2023-01-05,1455,0.222,4450,0.268,731698,0.313,0.125,1212558644,-8037192,91107,-507,101621480419,8184614,1,13000
2023-01-06,1466,0.223,4587,0.268,755444,0.314,0.156,1635741090,423182446,117734,26627,103257221509,8302348,1,14000
2023-01-07,1454,0.208,4672,0.259,760686,0.301,0.331,3408251318,1772510228,251726,133992,106665472827,8554074,1,14000
2023-01-08,1439,0.206,4495,0.256,732396,0.297,0.304,2970060027,-438191291,222534,-29192,109635532854,8776608,1,14000
2023-01-09,1348,0.22,4045,0.257,663229,0.294,0.106,950414824,-2019645203,70516,-152018,110585947678,8847124,1,13000
2023-01-10,1350,0.215,4017,0.254,655196,0.292,0.097,850591259,-99823565,63373,-7143,111436538937,8910497,1,13000
2023-01-11,1328,0.213,3801,0.238,614998,0.271,0.093,773184257,-77407002,56896,-6477,112209723194,8967393,1,13000
2023-01-12,1336,0.212,3797,0.24,612226,0.271,0.089,735902322,-37281935,54684,-2212,112945625516,9022077,1,13000
2023-01-13,1379,0.216,4044,0.245,646699,0.276,0.115,1071312042,335409720,74486,19802,114016937558,9096563,1,14000
2023-01-14,1409,0.21,4303,0.243,680483,0.273,0.248,2343725725,1272413683,169086,94600,116360663283,9265649,1,14000
2023-01-15,1390,0.211,4158,0.242,658525,0.272,0.226,2040883707,-302842018,148709,-20377,118401546990,9414358,1,14000
2023-01-16,1262,0.222,3656,0.245,588970,0.274,0.083,677380143,-1363503564,48885,-99824,119078927133,9463243,1,13000
2023-01-17,1290,0.221,3669,0.244,589531,0.273,0.08,646968030,-30412113,47019,-1866,119725895163,9510262,1,13000
2023-01-18,708,0.11,1565,0.089,233556,0.092,0.112,365348267,-281619763,26246,-20773,120091243430,9536508,4,13000
2023-01-19,727,0.11,1610,0.092,237493,0.094,0.121,393443863,28095596,28683,2437,120484687293,9565191,4,13000
2023-01-20,757,0.11,1732,0.094,256056,0.097,0.194,731725530,338281667,49712,21029,121216412823,9614903,3,14000
2023-01-21,851,0.114,2032,0.106,300881,0.11,0.302,1291148442,559422912,90918,41206,122507561265,9705821,3,14000
2023-01-22,864,0.118,2073,0.111,308813,0.115,0.376,1648420904,357272462,116153,25235,124155982169,9821974,2,14000
2023-01-23,902,0.118,2162,0.111,324897,0.117,0.483,2149922291,501501387,156919,40766,126305904460,9978893,2,14000
2023-01-24,909,0.12,2111,0.113,317120,0.119,0.384,1660761036,-489161255,121885,-35034,127966665496,10100778,2,14000
2023-01-25,669,0.096,1620,0.092,256426,0.102,0.166,554344762,-1106416274,42477,-79408,128521010258,10143255,4,13000
2023-01-26,661,0.095,1588,0.094,252034,0.104,0.112,395562792,-158781970,28259,-14218,128916573050,10171514,3,13000
2023-01-27,716,0.1,1753,0.101,275048,0.11,0.124,514764073,119201281,34142,5883,129431337123,10205656,3,14000
2023-01-28,797,0.102,2016,0.108,317209,0.119,0.256,1172650186,657886113,81248,47106,130603987309,10286904,3,14000
2023-01-29,802,0.103,1970,0.108,309637,0.119,0.233,1023743897,-148906289,72041,-9207,131627731206,10358945,3,14000
2023-01-30,737,0.111,1756,0.111,280102,0.121,0.084,323876273,-699867624,23417,-48624,131951607479,10382362,3,13000
2023-01-31,751,0.109,1756,0.109,280210,0.12,0.082,312032631,-11843642,22893,-524,132263640110,10405255,3,13000
2023-02-01,641,0.094,1441,0.095,243983,0.113,0.072,242579712,-69452919,17507,-5386,132506219822,10422762,5,13000
2023-02-02,657,0.093,1428,0.095,238940,0.112,0.068,227838328,-14741384,16353,-1154,132734058150,10439115,3,13000
2023-02-03,666,0.092,1526,0.098,255915,0.115,0.079,305869312,78030984,20233,3880,133039927462,10459348,3,14000
2023-02-04,707,0.09,1736,0.1,289336,0.118,0.171,728604663,422735351,49340,29107,133768532125,10508688,2,14000
2023-02-05,712,0.092,1680,0.1,279435,0.119,0.158,636624518,-91980145,44088,-5252,134405156643,10552776,2,14000
2023-02-06,656,0.099,1426,0.102,240600,0.119,0.061,211385434,-425239084,14785,-29303,134616542077,10567561,2,13000
2023-02-07,644,0.094,1387,0.099,234505,0.116,0.059,202408470,-8976964,13938,-847,134818950547,10581499,2,13000
2023-02-08,599,0.08,1012,0.071,157683,0.077,0.062,131648317,-70760153,9758,-4180,134950598864,10591257,3,13000
2023-02-09,603,0.081,1019,0.073,158486,0.079,0.066,142067089,10418772,10526,768,135092665953,10601783,3,13000
2023-02-10,635,0.083,1136,0.076,175097,0.082,0.084,201259404,59192315,14735,4209,135293925357,10616518,3,14000
2023-02-11,678,0.081,1283,0.078,188457,0.081,0.171,439667202,238407798,32243,17508,135733592559,10648761,3,14000
2023-02-12,656,0.079,1225,0.077,180807,0.08,0.17,421957280,-17709922,30749,-1494,136155549839,10679510,3,14000
2023-02-13,617,0.088,1046,0.079,155374,0.081,0.065,132553967,-289403313,10138,-20611,136288103806,10689648,3,13000
2023-02-14,609,0.083,1039,0.075,154753,0.078,0.074,154130857,21576890,11444,1306,136442234663,10701092,3,13000
2023-02-15,355,0.056,444,0.027,54173,0.023,0.082,48258182,-105872675,4464,-6980,136490492845,10705556,6,13000
2023-02-16,360,0.058,451,0.028,55968,0.024,0.083,50435609,2177427,4650,186,136540928454,10710206,5,13000
2023-02-17,378,0.059,483,0.029,59244,0.025,0.098,65978174,15542565,5782,1132,136606906628,10715988,5,14000
2023-02-18,392,0.057,512,0.029,61020,0.024,0.215,152285791,86307617,13111,7329,136759192419,10729099,6,14000
2023-02-19,392,0.058,507,0.029,60685,0.025,0.207,145158986,-7126805,12583,-528,136904351405,10741682,6,14000
2023-02-20,358,0.06,472,0.032,56929,0.026,0.074,46581126,-98577860,4231,-8352,136950932531,10745913,4,13000
2023-02-21,378,0.061,492,0.033,59135,0.028,0.077,49045636,2464510,4551,320,136999978167,10750464,5,13000
2023-02-22,221,0.036,273,0.016,34396,0.014,0.09,31289792,-17755844,3095,-1456,137031267959,10753559,10,13000
2023-02-23,217,0.035,268,0.016,33628,0.014,0.079,29016778,-2273014,2670,-425,137060284737,10756229,9,13000
2023-02-24,223,0.035,283,0.017,35281,0.014,0.092,37294569,8277791,3232,562,137097579306,10759461,9,14000
2023-02-25,227,0.033,297,0.016,36813,0.014,0.185,82013949,44719380,6818,3586,137179593255,10766279,10,14000
2023-02-26,220,0.032,285,0.016,34595,0.013,0.19,78051932,-3962017,6557,-261,137257645187,10772836,9,14000
2023-02-27,223,0.036,294,0.018,36571,0.016,0.077,31470201,-46581731,2818,-3739,137289115388,10775654,9,13000
2023-02-28,212,0.033,278,0.017,35389,0.015,0.098,37455655,5985454,3453,635,137326571043,10779107,9,13000
2023-03-01,103,0.014,126,0.007,15373,0.006,0.268,49530925,12075270,4123,670,137376101968,10783230,15,14000
2023-03-02,100,0.016,119,0.008,14742,0.007,0.054,8986090,-40544835,798,-3325,137385088058,10784028,16,13000
2023-03-03,94,0.015,112,0.007,14165,0.006,0.069,11684814,2698724,981,183,137396772872,10785009,14,14000
2023-03-04,107,0.014,130,0.007,16003,0.006,0.185,36606811,24921997,2958,1977,137433379683,10787967,15,14000
2023-03-05,102,0.013,126,0.007,15614,0.006,0.139,26674792,-9932019,2171,-787,137460054475,10790138,16,14000
2023-03-06,98,0.017,113,0.008,14794,0.007,0.047,8011598,-18663194,696,-1475,137468066073,10790834,12,13000
2023-03-07,99,0.017,113,0.008,14235,0.007,0.056,9249899,1238301,794,98,137477315972,10791628,14,13000
