날짜,스크린수,스크린점유율,상영횟수,상영점유율,좌석수,좌석점유율,좌석판매율,매출액,매출액증감(전일대비),관객수,관객수증감(전일대비),누적매출액,누적관객수,순위,가격
2015-04-23,1731,0.435,8844,0.654,1625956,0.731,0.383,5238813700,5224939700,622165,621106,5277228700,625666,1,9000
2015-04-24,1767,0.446,9206,0.66,1684239,0.737,0.386,5802155700,563342000,649804,27639,11079384400,1275470,1,10000
2015-04-25,1843,0.445,10018,0.682,1813385,0.758,0.637,10122916800,4320761100,1155761,505957,21202301200,2431231,1,10000
2015-04-26,1826,0.451,9761,0.683,1766268,0.758,0.574,8833555200,-1289361600,1013207,-142554,30035856400,3444438,1,10000
2015-04-27,1695,0.448,8765,0.662,1614836,0.741,0.183,2518290100,-6315265100,295125,-718082,32554146500,3739563,1,9000
2015-04-28,1706,0.439,8681,0.654,1598393,0.732,0.162,2185295200,-332994900,258186,-36939,34739441700,3997749,1,9000
2015-04-29,1623,0.409,8133,0.596,1508255,0.674,0.213,2370546700,185251500,321740,63554,37109988400,4319489,1,9000
2015-04-30,1587,0.406,8200,0.583,1521281,0.661,0.227,2807285400,436738700,344644,22904,39917273800,4664133,1,9000
2015-05-01,1634,0.378,8739,0.578,1612221,0.66,0.479,6532486900,3725201500,772772,428128,46449760700,5436905,1,10000
2015-05-02,1627,0.362,8743,0.569,1618412,0.652,0.511,7075170700,542683800,826765,53993,53524931400,6263670,1,10000
2015-05-03,1613,0.359,8579,0.567,1586728,0.649,0.471,6410312100,-664858600,747935,-78830,59935243500,7011605,1,10000
2015-05-04,1602,0.361,8486,0.561,1574162,0.644,0.387,4849160900,-1561151200,608983,-138952,64784404400,7620588,1,9000
2015-05-05,1600,0.336,8067,0.535,1495853,0.613,0.476,5973960400,1124799500,712523,103540,70758364800,8333111,1,10000
2015-05-06,1526,0.377,7296,0.543,1366488,0.622,0.098,1086960300,-4887000100,133587,-578936,71845325100,8466698,1,9000
2015-05-07,1307,0.311,6146,0.442,1193360,0.527,0.089,873807700,-213152600,106327,-27260,72719132800,8573025,1,9000
2015-05-08,1295,0.303,6309,0.44,1226977,0.526,0.119,1251814069,378006369,146621,40294,73970946869,8719646,1,10000
2015-05-09,1283,0.269,6532,0.423,1271970,0.509,0.271,2977488084,1725674015,344605,197984,76948434953,9064251,1,10000
2015-05-10,1282,0.271,6287,0.418,1224825,0.504,0.256,2677368500,-300119584,313171,-31434,79625803453,9377422,1,10000
2015-05-11,1170,0.298,5419,0.406,1069208,0.489,0.07,623680500,-2053688000,74553,-238618,80249483953,9451975,1,9000
2015-05-12,1183,0.286,5394,0.401,1062605,0.483,0.069,612629800,-11050700,73593,-960,80862113753,9525568,1,9000
2015-05-13,1175,0.29,5296,0.396,1046991,0.478,0.067,581838400,-30791400,70348,-3245,81443952153,9595916,1,9000
2015-05-14,603,0.151,2420,0.167,415141,0.172,0.107,336367500,-245470900,44369,-25979,81780319653,9640285,3,9000
2015-05-15,631,0.154,2577,0.17,438731,0.175,0.175,615462895,279095395,76976,32607,82395782548,9717261,3,10000
2015-05-16,669,0.15,2712,0.169,455170,0.173,0.364,1335422309,719959414,165492,88516,83731204857,9882753,3,10000
2015-05-17,643,0.146,2614,0.168,436534,0.171,0.327,1149709200,-185713109,142770,-22722,84880914057,10025523,3,10000
2015-05-18,556,0.145,2297,0.161,385943,0.162,0.088,261354000,-888355200,33900,-108870,85142268057,10059423,3,9000
2015-05-19,565,0.147,2277,0.16,381477,0.16,0.078,228612500,-32741500,29921,-3979,85370880557,10089344,3,9000
2015-05-20,564,0.145,2256,0.158,382298,0.161,0.077,224834100,-3778400,29516,-405,85595714657,10118860,3,9000
2015-05-21,388,0.101,1179,0.082,162195,0.068,0.118,147523300,-77310800,19112,-10404,85743237957,10137972,5,9000
2015-05-22,406,0.104,1221,0.083,164586,0.067,0.162,215316160,67792860,26631,7519,85958554117,10164603,5,10000
2015-05-23,421,0.103,1272,0.08,168879,0.065,0.386,529120749,313804589,65107,38476,86487674866,10229710,5,10000
2015-05-24,454,0.109,1306,0.082,176088,0.067,0.465,663395300,134274551,81852,16745,87151070166,10311562,5,10000
2015-05-25,450,0.109,1267,0.083,172124,0.068,0.449,610220700,-53174600,77346,-4506,87761290866,10388908,6,10000
2015-05-26,382,0.104,1147,0.082,155502,0.067,0.086,103129900,-507090800,13325,-64021,87864420766,10402233,5,9000
2015-05-27,290,0.07,708,0.05,96675,0.041,0.095,64182100,-38947800,9191,-4134,87928602866,10411424,7,9000
2015-05-28,192,0.047,369,0.026,48814,0.021,0.119,42560800,-21621300,5791,-3400,87971163666,10417215,8,9000
2015-05-29,201,0.049,388,0.027,51499,0.021,0.136,56473900,13913100,7007,1216,88027637566,10424222,8,10000
2015-05-30,247,0.053,472,0.03,61271,0.024,0.381,185259400,128785500,23346,16339,88212896966,10447568,8,10000
2015-05-31,242,0.053,463,0.031,60753,0.024,0.356,172826500,-12432900,21653,-1693,88385723466,10469221,8,10000
2015-06-01,190,0.048,377,0.027,50781,0.022,0.09,34234200,-138592300,4592,-17061,88419957666,10473813,8,9000
2015-06-02,196,0.049,380,0.028,50803,0.022,0.079,30289500,-3944700,4009,-583,88450247166,10477822,8,9000
2015-06-03,119,0.03,223,0.016,30386,0.013,0.069,15708800,-14580700,2110,-1899,88465955966,10479932,9,9000
2015-06-04,48,0.012,83,0.006,11516,0.005,0.087,7824000,-7884800,1005,-1105,88473779966,10480937,13,9000
2015-06-05,54,0.013,96,0.006,13503,0.005,0.13,14906500,7082500,1749,744,88488686466,10482686,10,10000
2015-06-06,72,0.016,117,0.007,16167,0.006,0.197,25986800,11080300,3187,1438,88514673266,10485873,11,10000
2015-06-07,76,0.017,117,0.008,16061,0.006,0.17,22155700,-3831100,2738,-449,88536828966,10488611,11,10000
2015-06-08,55,0.014,90,0.007,12740,0.005,0.067,6517000,-15638700,852,-1886,88543345966,10489463,13,9000
2015-06-09,55,0.014,86,0.006,12321,0.005,0.064,6014300,-502700,793,-59,88549360266,10490256,11,9000
2015-06-10,55,0.014,91,0.007,12881,0.006,0.064,6207000,192700,819,26,88555567266,10491075,13,9000
