날짜,스크린수,스크린점유율,상영횟수,상영점유율,좌석수,좌석점유율,좌석판매율,매출액,매출액증감(전일대비),관객수,관객수증감(전일대비),누적매출액,누적관객수,순위,가격
2004-02-05,74,0.347,397,0.376,98307,0.476,0.644,387287000,196403000,63289,32402,660478500,107386,1,7000
2004-02-06,83,0.377,435,0.404,104880,0.501,0.771,491122000,103835000,80911,17622,1151600500,188297,1,7000
2004-02-07,103,0.427,515,0.463,117486,0.548,0.936,694094000,202972000,109972,29061,1845694500,298269,1,7000
2004-02-08,104,0.439,504,0.468,114919,0.554,0.956,690235500,-3858500,109834,-138,2535930000,408103,1,7000
2004-02-09,88,0.396,440,0.432,106580,0.537,0.663,440303000,-249932500,70696,-39138,2976233000,478799,1,7000
2004-02-10,91,0.399,464,0.437,111890,0.54,0.615,429956500,-10346500,68761,-1935,3406189500,547560,1,7000
2004-02-11,95,0.399,463,0.426,111951,0.528,0.612,428453000,-1503500,68527,-234,3834642500,616087,1,7000
2004-02-12,101,0.443,500,0.47,120010,0.578,0.561,418236500,-10216500,67379,-1148,4252879000,683466,1,7000
2004-02-13,107,0.457,548,0.482,129705,0.59,0.615,487159500,68923000,79778,12399,4740038500,763244,1,7000
2004-02-14,115,0.466,591,0.505,136057,0.604,0.905,780725500,293566000,123064,43286,5520764000,886308,1,7000
2004-02-15,115,0.481,562,0.501,129998,0.602,0.915,751255000,-29470500,118914,-4150,6272019000,1005222,1,7000
2004-02-16,102,0.464,500,0.478,119877,0.587,0.47,350639500,-400615500,56349,-62565,6622658500,1061571,1,7000
2004-02-17,99,0.465,486,0.478,118673,0.593,0.45,333850500,-16789000,53399,-2950,6956509000,1114970,1,7000
2004-02-18,99,0.458,488,0.469,119656,0.586,0.42,315565500,-18285000,50312,-3087,7272074500,1165282,1,7000
2004-02-19,74,0.381,399,0.37,98275,0.462,0.474,289618500,-25947000,46558,-3754,7561693000,1211840,1,7000
2004-02-20,74,0.372,411,0.358,102193,0.455,0.538,337378000,47759500,54951,8393,7899071000,1266791,1,7000
2004-02-21,82,0.387,434,0.372,106093,0.467,0.837,564614500,227236500,88815,33864,8463685500,1355606,1,7000
2004-02-22,77,0.374,414,0.367,102585,0.467,0.869,564785500,171000,89099,284,9028471000,1444705,1,7000
2004-02-23,70,0.357,373,0.345,95913,0.452,0.445,267317000,-297468500,42719,-46380,9295788000,1487424,1,7000
2004-02-24,71,0.355,377,0.346,96537,0.453,0.405,244075500,-23241500,39068,-3651,9539863500,1526492,1,7000
2004-02-25,68,0.345,368,0.34,94923,0.45,0.402,239037000,-5038500,38160,-908,9778900500,1564652,1,7000
2004-02-26,68,0.302,367,0.322,91588,0.418,0.412,234733500,-4303500,37748,-412,10013634000,1602400,1,7000
2004-02-27,67,0.286,384,0.311,94610,0.412,0.475,274159000,39425500,44896,7148,10287793000,1647296,1,7000
2004-02-28,74,0.301,416,0.33,99661,0.431,0.763,483992000,209833000,76018,31122,10771785000,1723314,1,7000
2004-02-29,74,0.305,424,0.336,100700,0.435,0.881,562554000,78562000,88717,12699,11334339000,1812031,1,7000
2004-03-01,72,0.299,395,0.33,94159,0.433,0.793,473134000,-89420000,74699,-14018,11807473000,1886730,1,7000
2004-03-02,65,0.286,356,0.313,88319,0.419,0.196,110640000,-362494000,17295,-57404,11918113000,1904025,1,7000
2004-03-03,64,0.286,351,0.31,86863,0.417,0.183,101685000,-8955000,15936,-1359,12019798000,1919961,1,7000
2004-03-04,55,0.252,281,0.246,70690,0.335,0.217,96111500,-5573500,15335,-601,12115909500,1935296,1,7000
2004-03-05,54,0.256,298,0.242,75818,0.334,0.25,118694500,22583000,18972,3637,12234604000,1954268,1,7000
2004-03-06,64,0.29,338,0.273,83030,0.365,0.538,291692500,172998000,44650,25678,12526296500,1998918,1,7000
2004-03-07,62,0.29,322,0.272,79182,0.366,0.639,324645500,32953000,50581,5931,12850942000,2049499,1,7000
2004-03-08,53,0.268,271,0.25,68670,0.342,0.186,81223000,-243422500,12751,-37830,12932165000,2062250,1,7000
2004-03-09,55,0.258,278,0.245,70652,0.334,0.167,75269000,-5954000,11783,-968,13007434000,2074033,1,7000
2004-03-10,52,0.251,272,0.24,69501,0.331,0.17,75540000,271000,11832,49,13082974000,2085865,1,7000
2004-03-11,47,0.228,237,0.204,58653,0.272,0.194,72044500,-3495500,11372,-460,13155018500,2097237,1,7000
2004-03-12,45,0.21,237,0.192,58918,0.256,0.226,83655500,11611000,13338,1966,13238674000,2110575,1,7000
2004-03-13,50,0.224,265,0.21,63626,0.269,0.529,220008500,136353000,33683,20345,13458682500,2144258,1,7000
2004-03-14,49,0.218,255,0.205,61642,0.267,0.613,244065500,24057000,37810,4127,13702748000,2182068,1,7000
2004-03-15,43,0.204,224,0.193,54951,0.253,0.194,67783500,-176282000,10675,-27135,13770531500,2192743,1,7000
2004-03-16,45,0.21,226,0.193,54961,0.251,0.184,63552000,-4231500,10122,-553,13834083500,2202865,1,7000
2004-03-17,43,0.203,223,0.189,54611,0.248,0.173,59974000,-3578000,9460,-662,13894057500,2212325,1,7000
2004-03-18,37,0.18,184,0.158,48047,0.219,0.185,56167000,-3807000,8865,-595,13950224500,2221190,1,7000
2004-03-19,38,0.182,192,0.16,49462,0.22,0.218,67310000,11143000,10801,1936,14017534500,2231991,1,7000
2004-03-20,42,0.195,216,0.169,55827,0.236,0.497,180404500,113094500,27752,16951,14197939000,2259743,1,7000
2004-03-21,42,0.195,213,0.173,54544,0.239,0.521,183403500,2999000,28434,682,14381342500,2288177,1,7000
2004-03-22,39,0.186,185,0.16,45737,0.213,0.156,44538000,-138865500,7115,-21319,14425880500,2295292,1,7000
2004-03-23,38,0.184,181,0.159,44280,0.209,0.142,38523000,-6015000,6283,-832,14464403500,2301575,1,7000
2004-03-24,38,0.179,181,0.161,45140,0.213,0.13,35770000,-2753000,5876,-407,14500173500,2307451,1,7000
2004-03-25,34,0.152,167,0.14,37556,0.166,0.159,36071500,301500,5961,85,14536245000,2313412,2,7000
2004-03-26,33,0.149,172,0.137,38005,0.161,0.205,46330000,10258500,7784,1823,14582575000,2321196,2,7000
2004-03-27,34,0.147,179,0.137,39447,0.161,0.448,114102500,67772500,17684,9900,14696677500,2338880,2,7000
2004-03-28,35,0.151,175,0.136,38618,0.16,0.451,112563500,-1539000,17435,-249,14809241000,2356315,2,7000
2004-03-29,32,0.145,154,0.132,33139,0.15,0.139,27675500,-84888000,4594,-12841,14836916500,2360909,2,7000
2004-03-30,35,0.152,165,0.138,36827,0.161,0.152,31853500,4178000,5585,991,14868770000,2366494,2,7000
2004-03-31,33,0.131,151,0.128,33123,0.149,0.14,27868500,-3985000,4632,-953,14896638500,2371126,2,7000
2004-04-01,25,0.113,128,0.103,28343,0.121,0.145,24022000,-3846500,4107,-525,14920660500,2375233,4,7000
2004-04-02,25,0.108,131,0.098,27561,0.111,0.191,31124000,7102000,5252,1145,14951784500,2380485,5,7000
2004-04-03,26,0.1,129,0.093,26801,0.104,0.39,67663000,36539000,10456,5204,15019447500,2390941,4,7000
2004-04-04,24,0.094,119,0.087,25488,0.101,0.586,96002000,28339000,14941,4485,15115449500,2405882,4,7000
2004-04-05,24,0.096,118,0.088,25229,0.103,0.519,83103500,-12898500,13089,-1852,15198553000,2418971,4,7000
2004-04-06,25,0.108,119,0.101,22885,0.103,0.164,21382000,-61721500,3753,-9336,15219935000,2422724,3,7000
2004-04-07,25,0.105,114,0.094,22352,0.097,0.171,20999000,-383000,3815,62,15240934000,2426539,3,7000
2004-04-08,23,0.098,107,0.088,19784,0.085,0.146,16483000,-4516000,2887,-928,15257417000,2429426,4,7000
2004-04-09,23,0.099,111,0.089,20036,0.085,0.287,21502500,5019500,5742,2855,15278919500,2435168,3,7000
2004-04-10,28,0.109,115,0.087,21214,0.085,0.468,45770500,24268000,9936,4194,15324690000,2445104,3,7000
2004-04-11,25,0.102,109,0.085,20748,0.086,0.464,44237500,-1533000,9635,-301,15368927500,2454739,3,7000
2004-04-12,25,0.066,110,0.055,18761,0.048,0.235,14863000,-29374500,4412,-5223,15383790500,2459151,6,7000
2004-04-13,25,0.064,109,0.054,18851,0.048,0.255,16445000,1582000,4815,403,15400235500,2463966,6,7000
2004-04-14,24,0.059,104,0.049,17048,0.041,0.345,19789000,3344000,5874,1059,15420024500,2469840,7,7000
2004-04-15,13,0.033,68,0.03,11725,0.027,0.537,22489500,2700500,6302,428,15442514000,2476142,9,7000
2004-04-16,13,0.035,66,0.03,11594,0.027,0.266,11061000,-11428500,3087,-3215,15453575000,2479229,7,7000
2004-04-17,12,0.028,68,0.029,11807,0.026,0.389,18457000,7396000,4590,1503,15472032000,2483819,9,7000
2004-04-18,13,0.033,68,0.03,11873,0.027,0.378,18095500,-361500,4489,-101,15490127500,2488308,9,7000
2004-04-19,13,0.035,66,0.031,11757,0.028,0.245,8722000,-9373500,2886,-1603,15498849500,2491194,6,7000
2004-04-20,14,0.036,67,0.031,12145,0.028,0.23,8440000,-282000,2792,-94,15507289500,2493986,6,7000
2004-04-21,13,0.034,64,0.03,11716,0.028,0.223,7922000,-518000,2612,-180,15515211500,2496598,7,7000
2004-04-22,13,0.035,66,0.03,11547,0.027,0.181,6398000,-1524000,2085,-527,15521609500,2498683,9,7000
2004-04-23,12,0.031,65,0.029,11174,0.025,0.246,9560000,3162000,2747,662,15531169500,2501430,7,7000
2004-04-24,12,0.029,68,0.028,11493,0.025,0.329,15311000,5751000,3786,1039,15546480500,2505216,8,7000
2004-04-25,12,0.031,66,0.029,11365,0.026,0.327,15137000,-174000,3719,-67,15561617500,2508935,7,7000
2004-04-26,12,0.032,64,0.03,11017,0.026,0.212,7100500,-8036500,2334,-1385,15568718000,2511269,6,7000
2004-04-27,12,0.032,65,0.03,11208,0.026,0.178,6115500,-985000,1995,-339,15574833500,2513264,7,7000
2004-04-28,18,0.046,67,0.031,11800,0.028,0.287,10272000,4156500,3381,1386,15585105500,2516645,6,7000
2004-04-29,12,0.032,62,0.029,9847,0.024,0.187,5664000,-4608000,1841,-1540,15590769500,2518486,8,7000
2004-04-30,12,0.032,65,0.033,9911,0.025,0.26,9323500,3659500,2580,739,15600093000,2521066,8,7000
2004-05-01,12,0.037,67,0.037,10050,0.027,0.269,10874000,1550500,2700,120,15610967000,2523766,10,7000
2004-05-02,12,0.039,67,0.038,10094,0.029,0.307,12493500,1619500,3103,403,15623460500,2526869,11,7000
2004-05-03,11,0.036,56,0.034,8283,0.024,0.134,3369000,-9124500 ( -73.0% ),1109,-1994 ( -64.3% ),15626829500,2527978,10,7000
2004-05-04,11,0.034,42,0.024,5478,0.016,0.191,3218000,-151000 ( -4.5% ),1048,-61 ( -5.5% ),15630047500,2529026,13,7000
2004-05-05,9,0.029,40,0.022,4933,0.013,0.451,8918000,5700000 ( 177.1% ),2224,1176 ( 112.2% ),15638965500,2531250,10,7000
2004-05-06,9,0.029,41,0.024,5141,0.015,0.166,2607000,-6311000 ( -70.8% ),855,-1369 ( -61.6% ),15641572500,2532105,7,7000
2004-05-07,9,0.029,41,0.023,5086,0.014,0.172,3102000,495000 ( 19.0% ),875,20 ( 2.3% ),15644674500,2532980,8,7000
2004-05-08,9,0.027,42,0.022,5195,0.013,0.318,6656000,3554000 ( 114.6% ),1654,779 ( 89.0% ),15651330500,2534634,8,7000
2004-05-09,9,0.028,41,0.023,5114,0.014,0.351,7230000,574000 ( 8.6% ),1797,143 ( 8.6% ),15658560500,2536431,9,7000
2004-05-10,9,0.029,38,0.023,5089,0.015,0.256,3957000,-3273000 ( -45.3% ),1304,-493 ( -27.4% ),15662517500,2537735,7,7000
2004-05-11,9,0.029,40,0.023,5195,0.015,0.144,2260000,-1697000 ( -42.9% ),747,-557 ( -42.7% ),15664777500,2538482,8,7000
2004-05-12,9,0.028,39,0.022,5215,0.015,0.14,2205000,-55000 ( -2.4% ),730,-17 ( -2.3% ),15666982500,2539212,9,7000
2004-05-13,9,0.028,34,0.019,3923,0.011,0.145,1737000,-468000 ( -21.2% ),567,-163 ( -22.3% ),15668719500,2539779,11,7000
2004-05-14,9,0.029,33,0.018,4320,0.012,0.148,2377500,640500 ( 36.9% ),638,71 ( 12.5% ),15671097000,2540417,10,7000
2004-05-15,9,0.028,37,0.019,4601,0.012,0.253,4666000,2288500 ( 96.3% ),1166,528 ( 82.8% ),15675763000,2541583,10,7000
2004-05-16,9,0.028,38,0.02,4601,0.012,0.28,5178000,512000 ( 11.0% ),1287,121 ( 10.4% ),15680941000,2542870,10,7000
2004-05-17,7,0.022,28,0.016,2917,0.008,0.209,1841000,-3337000 ( -64.4% ),611,-676 ( -52.5% ),15682782000,2543481,9,7000
2004-05-18,8,0.024,34,0.019,3909,0.011,0.157,1864000,23000 ( 1.2% ),615,4 ( 0.7% ),15684646000,2544096,9,7000
2004-05-19,8,0.021,30,0.017,3445,0.01,0.176,1846000,-18000 ( -1.0% ),607,-8 ( -1.3% ),15686492000,2544703,11,7000
2004-05-20,4,0.012,15,0.008,2112,0.006,0.049,312000,-1534000 ( -83.1% ),104,-503 ( -82.9% ),15686804000,2544807,13,7000
