,날짜,스크린수,스크린점유율,상영횟수,상영점유율,좌석수,좌석점유율,좌석판매율,매출액,매출액증감(전일대비),관객수,관객수증감(전일대비),누적매출액,누적관객수,순위
0,2013-01-30,751,0.203,4020,0.312,852872,0.378,0.321,1914008000,916026500,273647,136611,2953168500,416398,1
1,2013-01-31,776,0.212,4070,0.314,872689,0.386,0.347,2102952000,188944000,302765,29118,5056120500,719163,1
2,2013-02-01,787,0.216,4252,0.324,894614,0.392,0.377,2508168052,405216052,337425,34660,7564288552,1056588,1
3,2013-02-02,880,0.229,4641,0.332,946753,0.393,0.673,4825419569,2317251517,637036,299611,12389708121,1693624,1
4,2013-02-03,894,0.234,4539,0.336,922090,0.395,0.605,4185578500,-639841069,557665,-79371,16575286621,2251289,1
5,2013-02-04,800,0.23,4193,0.339,859929,0.398,0.241,1449961500,-2735617000,207279,-350386,18025248121,2458568,1
6,2013-02-05,810,0.229,4221,0.34,869140,0.4,0.23,1377039000,-72922500,200053,-7226,19402287121,2658621,1
7,2013-02-06,694,0.221,3527,0.268,672745,0.295,0.282,1305283000,-71756000,189668,-10385,20707570121,2848289,1
8,2013-02-07,682,0.2,3458,0.259,662548,0.287,0.27,1250264500,-55018500,179104,-10564,21957834621,3027393,2
9,2013-02-08,684,0.201,3686,0.263,705765,0.292,0.405,2147417510,897153010,285805,106701,24105252131,3313198,2
10,2013-02-09,758,0.205,4003,0.27,756048,0.297,0.534,3090922506,943504996,403537,117732,27196174637,3716735,2
11,2013-02-10,784,0.213,4060,0.278,762198,0.303,0.609,3638860500,547937994,463971,60434,30835035137,4180706,2
12,2013-02-11,793,0.208,4008,0.274,748019,0.298,0.725,4106039500,467179000,542278,78307,34941074637,4722984,2
13,2013-02-12,704,0.203,3645,0.265,691319,0.293,0.454,2151097500,-1954942000,314017,-228261,37092172137,5037001,2
14,2013-02-13,699,0.205,3571,0.268,677059,0.294,0.232,1067397000,-1083700500,156932,-157085,38159569137,5193933,2
15,2013-02-14,528,0.151,2668,0.196,516374,0.22,0.274,970016000,-97381000,141644,-15288,39129585137,5335577,2
16,2013-02-15,530,0.153,2769,0.199,537568,0.224,0.266,1045642500,75626500,143090,1446,40175227637,5478667,2
17,2013-02-16,575,0.154,3012,0.207,603184,0.242,0.446,2036549000,990906500,268764,125674,42211776637,5747431,2
18,2013-02-17,579,0.155,2880,0.207,578123,0.243,0.402,1738556000,-297993000,232600,-36164,43950332637,5980031,2
19,2013-02-18,528,0.154,2719,0.203,556219,0.242,0.164,619813000,-1118743000,91366,-141234,44570145637,6071397,2
20,2013-02-19,536,0.153,2719,0.203,553334,0.242,0.161,595566000,-24247000,88823,-2543,45165711637,6160220,2
21,2013-02-20,532,0.152,2701,0.203,549736,0.24,0.149,553656000,-41910000,81838,-6985,45719367637,6242058,2
22,2013-02-21,426,0.116,1898,0.145,313943,0.14,0.198,415864500,-137791500,62026,-19812,46135232137,6304084,3
23,2013-02-22,432,0.116,1939,0.144,320103,0.139,0.22,507969500,92105000,70484,8458,46643201637,6374568,3
24,2013-02-23,440,0.109,1962,0.14,320348,0.134,0.384,928353500,420384000,123149,52665,47571555137,6497717,3
25,2013-02-24,425,0.107,1869,0.137,303732,0.13,0.362,816273500,-112080000,110078,-13071,48387828637,6607795,3
26,2013-02-25,426,0.116,1845,0.144,302960,0.138,0.16,322271000,-494002500,48447,-61631,48710099637,6656242,3
27,2013-02-26,417,0.112,1840,0.143,300518,0.137,0.167,329612000,7341000,50322,1875,49039711637,6706564,3
28,2013-02-27,417,0.107,1720,0.133,282194,0.128,0.181,330326500,714500,51103,781,49370038137,6757667,3
29,2013-02-28,362,0.098,1337,0.098,194423,0.083,0.261,332373000,2046500,50723,-380,49702411137,6808390,5
30,2013-03-01,360,0.09,1333,0.093,195215,0.08,0.408,606846500,274473500,79660,28937,50309257637,6888050,4
31,2013-03-02,362,0.089,1310,0.092,192074,0.079,0.342,504522000,-102324500,65774,-13886,50813779637,6953824,4
32,2013-03-03,351,0.088,1238,0.091,180343,0.077,0.243,333436000,-171086000,43860,-21914,51147215637,6997684,5
33,2013-03-04,346,0.1,1152,0.095,167103,0.08,0.072,82831500,-250604500,12006,-31854,51230047137,7009690,6
34,2013-03-05,331,0.097,1142,0.096,165587,0.08,0.076,85597000,2765500,12590,584,51315644137,7022280,5
35,2013-03-06,330,0.099,1156,0.098,166842,0.081,0.071,81176000,-4421000,11810,-780,51396820137,7034090,5
36,2013-03-07,273,0.083,837,0.07,117708,0.057,0.083,66036500,-15139500,9824,-1986,51462856637,7043914,6
37,2013-03-08,269,0.082,863,0.069,116108,0.054,0.099,84765500,18729000,11479,1655,51547622137,7055393,7
38,2013-03-09,287,0.076,849,0.063,113348,0.049,0.209,184222000,99456500,23643,12164,51731844137,7079036,7
39,2013-03-10,268,0.072,802,0.062,106601,0.048,0.2,163545000,-20677000,21279,-2364,51895389137,7100315,7
40,2013-03-11,268,0.083,775,0.067,106449,0.054,0.074,51664500,-111880500,7832,-13447,51947053637,7108147,6
41,2013-03-12,271,0.083,778,0.068,107977,0.056,0.074,52355000,690500,8028,196,51999408637,7116175,6
42,2013-03-13,280,0.084,805,0.069,109121,0.055,0.086,61346500,8991500,9431,1403,52060755137,7125606,6
43,2013-03-14,121,0.035,318,0.026,41248,0.02,0.114,30170500,-31176000,4705,-4726,52090925637,7130311,8
44,2013-03-15,116,0.033,322,0.026,41393,0.019,0.093,28220500,-1950000,3862,-843,52119146137,7134173,8
45,2013-03-16,111,0.028,314,0.023,40339,0.017,0.177,56504500,28284000,7142,3280,52175650637,7141315,10
46,2013-03-17,117,0.03,294,0.022,38016,0.017,0.143,42362000,-14142500,5445,-1697,52218012637,7146760,10
47,2013-03-18,107,0.031,286,0.024,37797,0.019,0.062,16276500,-26085500,2334,-3111,52234289137,7149094,9
48,2013-03-19,108,0.031,289,0.025,38191,0.019,0.059,15760500,-516000,2240,-94,52250049637,7151334,8
49,2013-03-20,108,0.031,285,0.024,37552,0.019,0.062,16367000,606500,2323,83,52266416637,7153657,9
50,2013-03-21,70,0.021,182,0.015,21703,0.01,0.085,12479000,-3888000,1844,-479,52278895637,7155501,12
51,2013-03-22,70,0.02,191,0.015,22754,0.011,0.088,14868000,2389000,2008,164,52293763637,7157509,12
52,2013-03-23,58,0.015,139,0.01,16350,0.007,0.16,20275000,5407000,2612,604,52314038637,7160121,14
53,2013-03-24,56,0.015,121,0.009,14260,0.006,0.131,14507500,-5767500,1869,-743,52328546137,7161990,16
54,2013-03-25,58,0.018,126,0.011,14569,0.007,0.061,6126000,-8381500,884,-985,52334672137,7162874,13
55,2013-03-26,58,0.017,125,0.011,14358,0.007,0.073,7238000,1112000,1054,170,52341910137,7163928,13
56,2013-03-27,59,0.018,123,0.01,14023,0.007,0.095,8363500,1125500,1334,280,52350273637,7165262,13
